Крутая вилла	Шикарная вилла с роскошным видом на океан	2022-04-06T08:45:40.283Z	Hamburg	villa.jpg	villa-1.jpg, villa-2.jpg	true	true	4	house	4	6	10800	Breakfast,Washer	user1	4	48.85661, 2.351499
Уютная квартира	Уютная квартира в центре города 	2022-04-11T08:45:40.284Z	Amsterdam	flat.jpg	flat-1.jpg, flat-2.jpg	false	true	4.6	apartment	2	4	5000	Breakfast,Washer	user2	6	52.370216, 4.895168
